Benešov
90627,90590,90758,90941,90844,91074,91685,92631,93446,94091,94652,95445,95883,0
45310,43527,48856,46745,48321,48667,48607,47899,49423,49965,51149,51964,48723,0
2612,2656,2636,2468,2322,2207,2068,2630,2542,2450,2318,2540,2408,0
Beroun
75675,75855,76101,76773,77534,78458,79586,81307,82941,83821,85081,86056,87184,0
37977,36512,39120,41699,38916,39054,41530,40671,45607,46941,44361,46885,48609,0
3773,2947,3013,2802,2902,2619,2493,2751,3027,3302,2732,2656,2592,0
Kladno
151346,151169,151401,151794,151519,152163,153295,155314,157375,158715,160742,159133,159984,0
74772,77315,80541,82673,83446,83940,82989,84214,86224,85218,88348,87635,89060,0
5541,4923,4916,5034,4859,5024,5537,5624,4610,4237,3878,3754,3677,0
Kolín
89372,89201,89143,89400,89522,90552,91154,93042,94370,95215,95764,96703,97279,0
42146,41235,43432,43373,46144,46929,51311,51001,51009,51548,52825,51497,52713,0
3208,2834,3612,3077,2991,2948,2950,3620,3305,3413,3860,3689,3180,0
Kutná Hora
73639,73374,73337,73452,73295,73602,74389,74585,74850,74939,75004,74333,74359,0
35779,34371,32707,36170,39525,38196,38068,39289,38202,39547,39957,39991,40229,0
2551,2267,2138,1761,1951,1673,1625,1716,1767,1563,1674,1746,1503,0
Mělník
94613,94657,94772,95275,95404,95802,95943,97696,100049,101330,102628,104169,104148,0
48750,50974,52012,50776,51616,51074,49566,52717,53216,56301,57081,58825,59521,0
4233,3302,3105,2839,2915,2766,2975,3586,3126,3166,2619,2894,2628,0
Mladá Boleslav
113218,113033,112946,113503,114023,115379,117883,120779,123363,123141,122816,123736,124470,0
57926,58722,57875,60427,64991,68275,72080,76422,79209,81126,80767,74749,73924,0
5794,5583,5547,5174,4727,4616,4398,4700,4750,4204,3834,3306,3459,0
Nymburk
82803,82993,83454,84077,84891,85674,86845,88856,90195,91307,92679,94360,95279,0
41587,41352,42335,43992,42343,42427,43206,45909,46479,49009,48609,48425,52160,0
2765,2514,2729,2343,2544,2404,2458,2562,2770,2572,2586,2521,2122,0
Praha-východ
105248,106292,108025,109868,113091,117107,121085,127041,135484,141216,146403,151451,155588,0
51550,51546,52128,55428,59538,59779,64094,68533,77104,81016,78995,84492,88611,0
5188,5141,5200,4886,4749,4768,4510,5769,6072,3101,5203,5112,4687,0
Praha-západ
81908,83894,86088,88190,91348,95580,100322,106048,112211,116730,120990,124799,128326,0
39978,39486,42468,43765,46958,48891,51544,54898,56297,60260,63201,65560,67421,0
3817,3253,3667,3284,3220,3105,3107,4460,4337,2900,4410,4398,4104,0
Příbram
110692,110391,110144,109910,109944,110014,110185,110893,111714,112069,112578,113662,113905,0
57874,55565,59229,58158,58333,59297,58100,58584,59481,60787,61200,60212,61255,0
4154,3678,3967,3353,3139,3428,3618,4948,4873,4301,3801,3665,3884,0
Rakovník
52450,52482,52505,52612,52656,52703,52882,53635,54693,54959,55641,55498,55411,0
27862,28990,28359,27970,28184,29299,28192,27241,26747,28151,29027,30624,30713,0
1827,1872,1619,1546,1457,1650,1449,1590,1422,1528,1302,1373,1368,0
Kroměříž
108046,108039,107959,107883,107908,107827,107927,107789,107875,108036,108055,107320,106995,106692
51643,50434,49717,52530,50677,50365,52380,55639,56402,53054,51371,55694,54214,0
2457,2470,2120,1868,1792,1649,1648,1978,1734,1851,1666,1740,1658,1685
Uherské Hradiště
144519,144314,144116,144010,143729,143745,143731,144242,144533,144387,144203,143814,143494,143129
70832,73232,72532,70750,70357,70463,73977,74417,74642,75621,73472,71011,71702,0
2949,2635,2447,2111,2108,1922,2135,2259,2317,2352,2160,2003,1976,2002
Vsetín
147099,146687,146474,146127,146001,145814,145661,145761,145850,145692,145464,145047,144675,144362
73866,72352,72978,75280,75385,74438,74899,76170,75719,76243,77497,73923,75616,0
3587,3437,3778,3159,2764,2816,2595,2863,3008,2638,2656,2560,2470,2574
Zlín
195359,195020,194581,193846,193068,193019,192774,192988,193154,192927,192639,192849,192529,192116
97555,95873,95978,99349,105255,99883,101994,101414,102148,100965,101224,103546,101505,0
3921,3828,4148,3875,3955,3789,3503,3777,3336,3203,2948,2924,2783,2936
Jeseník
42435,42399,42251,42148,42014,41891,41827,41565,41404,41255,41095,40486,40189,39910
22490,21466,20745,20652,21130,20566,20959,21970,21178,19229,19663,19372,20089,0
1151,1247,1124,970,883,788,856,796,726,764,787,1001,922,1088
Olomouc
224647,224535,224156,224333,224296,228610,228956,230607,231339,231843,232226,232032,232267,232474
115442,117238,117797,115221,111193,116713,120602,120075,120544,122383,119117,120646,122889,0
7512,6489,6378,6751,6857,6479,5799,6884,6673,6046,6114,6065,6067,6381
Blansko
104067,104029,103867,104047,103990,104525,105116,105663,106248,106539,106884,106847,107354,107746
50481,50818,51648,50964,50606,50189,51223,53570,51667,52673,53012,55006,54262,0
1819,1639,1871,1616,1405,1492,1459,1814,1896,1765,1631,1637,1591,1541
Brno-město
381862,373272,370505,369559,367729,366757,366680,368533,370592,371399,371371,378965,378327,377508
204670,197183,198190,194542,193148,202105,203785,207475,208297,217695,223982,219077,217608,0
20234,17768,19205,19821,18225,17586,18489,18610,17416,16042,15814,16069,16007,16227
Brno-venkov
181297,182510,183721,185784,188300,189223,190834,195644,198379,200909,203216,206501,208667,210729
87567,87172,87738,91498,94657,95113,96637,98215,100337,103379,101264,104387,106605,0
4226,3654,4027,3864,3418,3230,3423,3745,3471,3541,3643,3709,3534,3691
Bruntál
100296,99985,99658,99328,98957,98543,98173,98148,97868,97633,97369,96329,95873,95172
45543,49774,52570,52209,50941,50195,50970,51354,50250,51815,48585,50752,49135,0
2551,2374,2671,2349,2161,2329,2196,2221,2347,2247,2228,2559,2424,2761
Břeclav
114174,113739,113208,112947,112980,112920,112954,113171,113479,113606,113842,114853,114940,114978
60373,58785,57770,58124,59992,58513,59226,59839,61280,59662,60499,61198,60542,0
3533,2933,3333,3031,2830,2847,2709,3034,2917,2949,2486,2329,2369,2451
Chomutov
125517,124826,124744,124856,125104,125231,125040,125743,126353,126438,127218,125752,125306,124963
64607,66534,68618,67506,69538,68101,69584,65190,62985,68159,68594,67738,63934,0
4358,4423,5181,5248,5117,4637,5789,6551,5909,5427,4958,5320,4413,4964
Česká Lípa
102405,102082,102183,102322,102511,102592,102462,103254,103990,104144,104278,103152,103037,102811
53515,54575,55640,56221,55092,57278,54631,51375,53587,54154,54539,55494,53394,0
4339,4020,4517,4649,4650,4656,4658,5034,4655,4434,4037,4025,3483,3810
České Budějovice
178551,178445,178828,179326,179639,180986,182323,184256,185584,186681,187799,187304,188264,188965
91045,92128,90742,89186,93342,94429,94352,95492,98756,100905,98464,100509,97673,0
6667,6160,5701,5842,6245,6511,6334,5914,6086,5181,6166,5666,5047,5596
Český Krumlov
59507,59500,59817,59941,60144,60708,61001,61261,61516,61635,61706,61333,61231,61173
31872,33770,33430,32909,32859,33138,34531,36390,36165,35402,34521,34862,35038,0
1537,1572,1591,1570,1611,1654,1805,1683,1560,1357,1305,1444,1416,1390
Žďár nad Sázavou
119664,119366,119218,119138,119208,119159,119375,119691,120046,119829,119718,118875,118646,118550
57538,57488,58603,56971,59468,58282,59116,59131,61474,59493,60854,58847,58663,0
2239,2005,1998,1947,1872,1673,1698,1864,1760,1860,1686,1783,1780,1731
Děčín
133609,133703,133631,133734,133778,134090,134576,135441,135710,135740,135238,132717,132540,131975
66524,66745,69737,72316,71606,69919,73127,74466,73982,69562,67056,66301,65450,0
4403,3934,3971,3969,4172,4391,4415,4567,4200,3870,4085,4639,4102,4361
Domažlice
58495,58450,58560,58574,58643,58748,59120,59731,60239,60596,60780,60727,60858,60923
30240,30259,30443,31319,31755,31358,32965,30915,32537,32693,31836,31893,33000,0
1303,1313,1247,1255,1386,1220,1068,1051,1111,1128,1031,1142,1037,0
Frýdek-Místek
209504,209220,209198,209377,209316,209326,209585,210369,211070,211482,212100,211853,212448,212537
98380,97344,102544,102785,103128,107360,106848,107717,107740,106647,106288,106971,107208,0
5128,4513,4609,4830,4578,4211,4384,4893,4934,4500,4439,4586,4688,5170
Havlíčkův Brod
95051,94919,94826,94906,94777,94919,94925,95618,96079,95833,95679,95091,95053,94843
46379,47191,46550,45778,47828,48370,46115,48218,48842,50931,49803,47592,45078,0
1572,1366,1446,1386,1445,1455,1498,1733,1571,1556,1610,1606,1624,1508
Hodonín
160338,159651,158960,158445,158113,157711,157291,157176,157084,156894,156524,156517,156165,155742
77612,78893,79277,78840,81203,79957,77373,78919,77988,78758,80858,80077,80311,0
3033,2460,3074,2343,2323,2249,2303,2116,2217,2274,2145,2354,2235,2291
Hradec Králové
161274,160576,160228,159885,159880,160107,160412,161349,162377,163011,163378,162820,162689,162651
84072,84957,84478,85787,86462,86261,86856,87080,88130,87998,88678,86866,86729,0
3849,3648,3857,4007,4007,3431,3464,4007,3202,3028,3237,3321,3353,3466
Cheb
91917,91849,92168,92637,92843,93112,93735,95203,95452,95301,95321,92989,92557,92211
47743,48085,46548,48558,51981,52437,53051,54266,53710,54738,56081,55579,51882,0
3004,2792,3124,2953,2893,2730,2781,2926,2735,2646,2448,2532,2231,2310
Chrudim
103919,103813,103582,103396,103300,103266,103476,103860,104351,104439,104395,104371,104206,104043
51830,51012,48829,52558,51874,54822,53025,52690,52924,53360,53212,53841,53494,0
1966,2080,2010,1769,1882,1796,1678,1819,1801,1712,1664,1624,1597,1621
Jablonec nad Nisou
88252,87934,88068,88054,87934,88387,88783,89450,90076,90390,90569,89906,89987,90028
44369,44635,42593,44258,44580,43541,45072,44209,45282,43480,46896,48192,44346,0
3361,2827,2996,3020,2974,3027,3012,3114,3179,2972,2880,2649,2507,2575
Jičín
77738,77524,77368,77066,77031,77306,78098,78852,79585,79618,80165,79686,79314,79168
38812,39500,38328,38128,34945,38318,40645,40362,42768,39388,41908,40699,39763,0
1958,1796,1837,1654,1813,1576,1507,1772,1668,1570,1541,1634,1572,1402
Jihlava
109915,109705,109679,109796,109749,110477,110876,111257,112031,112501,112707,112181,112264,112220
58090,57444,58432,58057,59554,60500,61179,62698,62078,62761,61588,61723,61778,0
2123,2048,2489,2440,2365,2255,2248,2942,2617,2767,2498,2136,2245,2360
Jindřichův Hradec
92932,92754,92846,92761,92658,92752,92637,92693,93298,93265,93180,92427,92222,92002
48020,45718,46801,47690,46907,49843,49188,48976,46739,48193,48767,50031,48055,0
2233,1860,1934,1685,1779,1684,1682,1756,1779,1689,1560,1779,1688,1920
Karlovy Vary
118891,118768,118825,118178,118425,117783,117754,119165,119923,119432,119289,118452,117868,117297
66366,63799,64146,64706,65105,65845,65080,65334,65811,68683,68276,67558,66290,0
4763,4502,4771,4684,4592,4746,4136,4492,3591,3635,3258,3264,3195,3736
Karviná
281219,279774,278843,277975,277538,276660,275754,275397,274863,273137,270412,263075,260919,258340
140331,140725,136079,133345,136615,137532,139000,141804,140122,141634,141717,139552,136469,0
9205,8206,7963,8064,7667,8131,8284,8891,8957,8878,8077,9798,9157,9010
Klatovy
87952,87887,87595,87477,87443,87629,88021,88345,88669,88721,88641,87622,87340,87056
46076,46121,44608,43894,43217,45102,44466,45674,46685,45194,46160,46160,43886,0
2472,2331,2021,1986,1957,1795,1807,1842,1899,1577,1621,1778,1653,0
Liberec
163146,162154,161905,162305,162348,163456,164955,166547,168561,169795,170410,170702,171007,171385
80512,80283,85030,83246,90043,90382,90912,90114,89836,93308,94444,93214,90569,0
6546,5924,6896,6126,5899,5470,5387,5843,5722,5613,5297,5635,5675,6156
Litoměřice
114332,114422,114497,114953,115252,114848,113443,117159,118243,118040,117941,119238,119318,119070
59745,61584,58480,54748,56722,58830,61195,60230,60221,60534,62662,62899,58828,0
4577,4197,4148,4307,3988,4030,3858,4201,4108,3677,3828,3813,3519,3644
Louny
86149,85844,85830,85897,85958,85936,86134,86710,87197,87263,87220,86782,86613,86378
44026,43630,43317,42830,47919,53262,50993,51383,50108,50770,49638,46172,45180,0
2390,2288,2566,2353,2590,2510,2539,2727,2429,2261,2218,2406,2397,2388
Most
118810,117000,116786,116731,116685,116836,116832,116728,117294,117274,116797,114798,115005,114419
58137,62135,66320,63539,61857,64316,63965,59961,60553,59284,58747,59633,61543,0
4553,4104,4437,4205,4969,5316,5116,5376,5083,4347,4254,4069,4261,5374
Náchod
112701,112480,112448,112423,112219,112293,112302,112507,112582,112342,112294,112206,111874,111595
57958,55610,57933,57876,56109,56342,57961,59666,57414,55932,54204,56611,56485,0
2596,2819,2576,2514,2454,2459,2322,2706,2715,2522,2280,2280,2205,2286
NovýJičín
152799,152502,152268,152066,151870,151835,151957,152352,152506,152563,152524,152222,151960,151899
78816,74889,77324,74951,76699,79498,79312,76480,79119,77756,78942,80289,80765,0
4021,3609,3355,3383,2939,3038,3045,3140,3121,3339,3171,3321,3211,3816
Opava
178006,177712,177287,177040,176870,176653,176624,176820,177213,177133,177236,177173,177079,177010
87673,87881,91425,92076,90176,88016,89290,85549,89009,92366,93482,89598,88142,0
4568,3823,3629,3923,3719,3536,3197,3329,3247,3193,3230,3586,3920,4029
Ostrava-město
343459,342310,340997,340124,338706,337752,337197,336811,336735,335425,333579,329961,328323,326874
172194,170670,174798,173597,177161,178115,173353,175628,172343,176707,172424,170094,171726,0
16319,15385,15505,14842,14099,13900,15887,17255,18346,19574,18576,18624,17223,18067
Pardubice
160610,160436,160235,159583,159652,160603,161849,163926,166519,167481,168446,167750,168237,168569
80984,81679,81679,81578,82790,82356,85900,88162,96786,95428,92539,92865,89132,0
5208,4511,5116,4656,4584,4503,3880,4206,4088,3537,3291,3601,3816,3800
Pelhřimov
72961,72684,72589,72531,72277,72339,72482,72958,73227,73017,72875,72460,72411,72224
37130,37407,37146,37364,36220,36862,40085,40705,40818,39980,37902,38893,37966,0
1374,1161,1163,1361,1275,1116,1172,1237,1209,1120,1329,1464,1261,1463
Písek
70339,70188,70171,70119,70138,70144,70282,70310,70550,70590,70673,70460,70524,70504
33842,32746,33275,34981,34114,34410,35612,36756,37089,36109,37052,36563,35142,0
1993,1846,1783,1659,1631,1546,1550,1656,1638,1482,1539,1519,1439,1519
Plzeň-jih
57238,57300,57354,57673,58024,58404,58735,59651,60856,61414,61655,62033,62163,62110
26331,27346,28120,28374,30131,31524,31729,30237,31555,33012,33132,33303,33876,0
1653,1291,1230,1302,1386,1206,1033,1194,1192,1168,1029,980,985,0
Plzeň-město
180880,179950,179585,179330,177897,178064,178812,180799,185125,185855,184885,184871,185275,186077
97164,94363,96492,94282,95588,98825,100247,101788,110686,113025,113133,111610,108871,0
7246,6390,7308,7962,8085,7436,6455,7528,7221,6690,6775,6146,5827,0
Prachatice
51345,51380,51410,51477,51528,51470,51409,51470,51548,51551,51471,51081,51030,50938
25290,25000,26304,26366,26700,26172,27233,27003,27244,27184,27651,28768,27303,0
1411,1249,1149,1166,1126,1268,1104,1150,1059,1032,1141,1027,1060,1039
Prostějov
109888,109773,109524,109439,109367,109429,109633,109979,110159,110214,110182,109539,109346,109223
54020,51242,56425,58122,55358,53661,55478,55402,54411,56197,54918,55219,53528,0
2770,2343,2452,2153,2069,2083,2160,2584,2314,2352,1972,2380,2318,2320
Přerov
136032,135375,134895,134599,134181,134265,134668,135165,134722,134324,133932,133023,132662,132014
64990,65745,68172,69162,68128,67175,69408,68699,66104,69207,69252,67892,68199,0
4534,4028,4349,3720,3470,3215,2916,3024,2720,2922,2642,2631,2784,2661
Plzeň-sever
68978,69014,69377,69910,70500,71111,71915,73061,74003,74694,75470,75718,76232,76673
35817,35389,35922,35821,36978,38099,38228,40930,40921,40315,39901,40298,40270,0
1663,1570,1497,1262,1463,1251,1231,1305,1259,1428,1338,1471,1345,0
Rokycany
45784,45758,45574,45576,45707,45823,46117,46762,47341,47358,47207,47613,47770,47799
22704,22849,22817,23455,23686,23515,24518,25437,24800,24718,25997,27253,26098,0
1098,1059,942,925,964,915,907,896,940,967,876,979,844,0
Rychnov nad Kněžnou
78353,78263,78397,78409,78400,78640,78753,79042,79198,79238,79152,79086,79169,78933
38270,35982,38090,39056,39028,39530,40639,39519,39420,40497,40533,41508,43021,0
1784,1712,1741,1668,1485,1458,1313,1512,1421,1313,1238,1180,1151,1129
Semily
75318,75226,75165,75041,74770,74596,74574,74697,74698,74698,74685,74840,74563,74385
39175,38015,39389,38519,39729,37065,36473,37731,37209,38530,40490,39027,39143,0
1787,1722,2006,1868,1829,1884,1716,2054,1907,1673,1550,1365,1338,1422
Sokolov
93625,93097,93227,93434,93320,93379,93113,93081,93028,92903,92834,91724,91301,90801
50161,49652,49410,50164,50952,50471,50339,49288,49864,48294,46903,49332,46970,0
2908,2949,3240,2954,2864,2605,2559,3162,2704,2553,2233,2314,2156,2152
Strakonice
69810,69644,69496,69584,69406,69539,70032,70687,71054,70906,70807,70765,70657,70514
35024,34935,33966,34314,35604,36747,36457,37950,39334,39594,36547,35621,37689,0
1908,1765,1544,1589,1751,1770,1581,1639,1875,1693,1742,1606,1556,1638
Svitavy
105473,105133,104999,104847,104662,104557,104586,104756,104934,105208,105209,105112,104971,104622
50963,51058,53182,52213,53082,53211,53569,53407,52325,55076,53745,51606,53955,0
2045,1698,1842,1848,1748,1764,1706,2027,1859,1775,1750,1753,1509,1602
Šumperk
126598,126292,125924,125794,125268,124966,124810,124475,124513,124405,124246,123558,123145,122735
63935,60149,59649,63443,62126,63099,60148,59727,61123,61310,63308,59992,64812,0
2355,2142,2232,2228,2073,2276,2361,2446,2450,2151,2206,2270,2276,2318
Tábor
102809,102657,102529,102333,102199,102167,102322,102587,102778,103015,103070,102768,102683,102611
52911,53240,53039,52763,53321,53058,53867,54613,55772,54304,52822,52653,51032,0
2892,2538,2564,2262,2253,2319,2050,1897,1931,1849,1845,1779,1799,1918
Tachov
51477,51241,51329,51573,51404,51749,51817,52725,53394,53225,53407,53125,53049,52831
28018,28677,28130,27609,30276,31240,30309,31100,32711,32231,31967,32895,31689,0
1830,1556,1761,1468,1574,1315,1413,1539,1531,1338,1173,1256,1131,0
Teplice
130137,126130,126635,127103,127627,127599,127980,129202,130070,129985,129932,128457,128266,128796
59666,63869,65111,61691,64909,57356,58620,59392,59098,62096,63040,66338,66397,0
6345,5539,5423,5344,5941,6199,5693,5834,6161,5354,5132,5097,4159,4407
Trutnov
120826,120486,119996,119780,119766,120022,120078,120462,120778,120193,119814,120058,119900,119562
63691,60668,61837,59816,60710,63761,63330,64151,65204,64302,61843,60699,58767,0
3207,3003,3296,2848,2813,2750,2915,3604,3505,3002,2825,2589,2504,2504
Třebíč
114642,114593,114290,114127,114103,113873,113987,114153,114028,113812,113590,113330,112833,112372
57023,56263,54948,57706,57676,58242,58613,59600,59097,58319,60200,59709,57365,0
2006,1855,1875,1559,1569,1494,1568,1836,1715,1681,1555,1624,1633,1699
Ústí nad Labem
118459,117525,117589,117594,117729,118633,119260,120197,121024,121458,121699,120248,119716,119519
59609,63219,61167,63841,65529,61480,60072,58012,60108,61192,65503,67938,65589,0
5488,5010,5734,5477,5571,5668,5396,5376,5234,4734,4963,4943,4576,4710
Ústí nad Orlicí
138259,137794,137718,137660,137671,137598,137840,138858,139381,139201,139114,139178,139026,138751
69068,67404,68724,70082,69332,69387,73456,71629,72335,72213,72239,74977,73816,0
2597,2320,2317,2266,2305,2225,2323,2431,2314,2202,2172,2182,2072,2069
Vyškov
86110,86093,86278,86490,86725,86763,87103,87519,88057,88688,89097,89342,89765,90041
44199,44008,43854,44062,44341,45157,45986,46427,45638,45434,45979,46215,47921,0
1544,1354,1619,1516,1535,1214,1310,1339,1394,1300,1347,1481,1350,1282
Znojmo
112313,112247,112281,112311,112403,112459,112585,112828,113307,113673,113720,113288,113432,113334
55958,53326,54444,56838,56293,58391,56262,57652,57665,57915,61078,58039,56584,0
2204,2185,2298,2150,2272,2260,2280,2689,2388,2224,2246,2354,2447,2328
Praha
1181126,1160118,1161938,1165581,1170571,1181610,1188126,1212097,1233211,1249026,1257158,1241664,146780,0
511792,565776,601688,641835,697979,752091,813275,909016,977136,949568,966048,950955,948884,0
106974,99966,102847,99107,97302,95731,89618,87077,82957,83981,74028,74122,72345,0